[gd_scene load_steps=29 format=3 uid="uid://c7unrelaoyecc"]

[ext_resource type="PackedScene" uid="uid://bawsmwduw46t3" path="res://Art/3d/Character.gltf" id="1_7hd1l"]
[ext_resource type="Script" path="res://Scripts/Prefabs/Character.cs" id="2_51ifc"]
[ext_resource type="PackedScene" uid="uid://bcfwttoknloqc" path="res://Prefab/ski.tscn" id="3_dumya"]
[ext_resource type="PackedScene" uid="uid://dyfd7slcdw18v" path="res://Prefab/rifle.tscn" id="3_qx02e"]
[ext_resource type="PackedScene" uid="uid://jjt4bb3yxqed" path="res://Prefab/ski_pole.tscn" id="4_hs4ql"]
[ext_resource type="Script" path="res://Scripts/Prefabs/CharacterCollision.cs" id="5_c3bqr"]
[ext_resource type="Script" path="res://Scripts/Prefabs/SpeedContact.cs" id="5_mmw4u"]
[ext_resource type="PackedScene" uid="uid://d7cyh0sulhqp" path="res://Prefab/stick.tscn" id="6_684bu"]
[ext_resource type="PackedScene" uid="uid://cfbcl1augt02l" path="res://Prefab/speed_box.tscn" id="6_nx70h"]
[ext_resource type="PackedScene" uid="uid://bqh5fojhfjttr" path="res://Prefab/GKPadHand.tscn" id="7_082o6"]
[ext_resource type="PackedScene" uid="uid://top6nh8cy5an" path="res://Prefab/GKPadFoot.tscn" id="8_ewul6"]
[ext_resource type="PackedScene" uid="uid://bnir71w3nswcj" path="res://Prefab/target.tscn" id="9_m4ora"]
[ext_resource type="Script" path="res://Scripts/Prefabs/SkiCollision.cs" id="10_d4d4k"]
[ext_resource type="Script" path="res://Scripts/Prefabs/CrossCountryOvertake.cs" id="11_w80qr"]
[ext_resource type="Script" path="res://Prefab/IceHockeyPlayerCollision.cs" id="15_ibjdi"]

[sub_resource type="StandardMaterial3D" id="StandardMaterial3D_wter0"]
shading_mode = 0
albedo_color = Color(1, 0.376471, 1, 1)

[sub_resource type="StandardMaterial3D" id="StandardMaterial3D_hbluo"]
shading_mode = 0
albedo_color = Color(0.188235, 0.105882, 0.0666667, 1)

[sub_resource type="CylinderShape3D" id="CylinderShape3D_50ng8"]

[sub_resource type="CylinderShape3D" id="CylinderShape3D_nnynp"]

[sub_resource type="BoxMesh" id="BoxMesh_k83uh"]

[sub_resource type="CylinderMesh" id="CylinderMesh_r4wmt"]

[sub_resource type="CylinderShape3D" id="CylinderShape3D_504mm"]

[sub_resource type="CylinderMesh" id="CylinderMesh_554qy"]

[sub_resource type="CylinderShape3D" id="CylinderShape3D_guigk"]

[sub_resource type="BoxMesh" id="BoxMesh_foyeu"]

[sub_resource type="BoxShape3D" id="BoxShape3D_d2lxn"]

[sub_resource type="CylinderMesh" id="CylinderMesh_gebid"]

[sub_resource type="CylinderShape3D" id="CylinderShape3D_vwqi7"]

[node name="Character" node_paths=PackedStringArray("animationPlayer", "bodyMeshInstance3D", "armsMeshInstance3D", "handsAndHeadMeshInstance3D", "legsMeshInstance3D", "bootsMeshInstance3D", "hairMeshInstance3D", "cameraRef", "camera3D", "skiPole", "ski", "speedBox", "target", "armature", "skiCollision", "crossCountryOvertakeFM", "crossCountryOvertakeMR", "crossCountryOvertakeML", "stick", "goalKeeperItems", "iceHockeySelect", "puckRef", "rayCast3D", "rifle", "skiPoleBiathlon") instance=ExtResource("1_7hd1l")]
script = ExtResource("2_51ifc")
animationPlayer = NodePath("AnimationPlayer")
bodyMeshInstance3D = [NodePath("Armature_002/Skeleton3D/Body_004")]
armsMeshInstance3D = [NodePath("Armature_002/Skeleton3D/LArm_028"), NodePath("Armature_002/Skeleton3D/LArm_029"), NodePath("Armature_002/Skeleton3D/LArm_030"), NodePath("Armature_002/Skeleton3D/LArm_033"), NodePath("Armature_002/Skeleton3D/LArm_034"), NodePath("Armature_002/Skeleton3D/LArm_035"), NodePath("Armature_002/Skeleton3D/LSholder_007"), NodePath("Armature_002/Skeleton3D/LSholder_008")]
handsAndHeadMeshInstance3D = [NodePath("Armature_002/Skeleton3D/LHand"), NodePath("Armature_002/Skeleton3D/RHand"), NodePath("Armature_002/Skeleton3D/Skin_002")]
legsMeshInstance3D = [NodePath("Armature_002/Skeleton3D/LLeg_035"), NodePath("Armature_002/Skeleton3D/LLeg_036"), NodePath("Armature_002/Skeleton3D/LLeg_037"), NodePath("Armature_002/Skeleton3D/LLeg_038"), NodePath("Armature_002/Skeleton3D/LLeg_039"), NodePath("Armature_002/Skeleton3D/LLeg_040"), NodePath("Armature_002/Skeleton3D/LLeg_041"), NodePath("Armature_002/Skeleton3D/LLeg_042"), NodePath("Armature_002/Skeleton3D/LLeg_043"), NodePath("Armature_002/Skeleton3D/LLeg_044"), NodePath("Armature_002/Skeleton3D/Hip_004")]
bootsMeshInstance3D = [NodePath("Armature_002/Skeleton3D/LFoot_007"), NodePath("Armature_002/Skeleton3D/LFoot_008")]
hairMeshInstance3D = [NodePath("Armature_002/Skeleton3D/Hair_004")]
cameraRef = [NodePath("CameraRef1"), NodePath("CameraRef2"), NodePath("CameraRef3"), NodePath("CameraRef4")]
camera3D = NodePath("Camera3D")
skiPole = [NodePath("Armature_002/Skeleton3D/BoneAttachment3D6/SkiPole"), NodePath("Armature_002/Skeleton3D/BoneAttachment3D7/SkiPole")]
ski = [NodePath("Armature_002/Skeleton3D/BoneAttachment3D4/Ski"), NodePath("Armature_002/Skeleton3D/BoneAttachment3D3/Ski")]
speedBox = NodePath("SpeedBox")
target = NodePath("Camera3D/Target")
armature = NodePath("Armature_002")
skiCollision = NodePath("SkiCollision/Area3D")
crossCountryOvertakeFM = NodePath("CrossCountryCollisionF/Area3D")
crossCountryOvertakeMR = NodePath("CrossCountryCollisionMR/Area3D")
crossCountryOvertakeML = NodePath("CrossCountryCollisionML/Area3D")
stick = NodePath("Armature_002/Skeleton3D/BoneAttachment3D8/Stick")
goalKeeperItems = [NodePath("Armature_002/Skeleton3D/BoneAttachment3D10/GKPadHand"), NodePath("Armature_002/Skeleton3D/BoneAttachment3D11/GKPadFoot"), NodePath("Armature_002/Skeleton3D/BoneAttachment3D12/GKPadFoot"), NodePath("Armature_002/Skeleton3D/BoneAttachment3D9/Stick")]
iceHockeySelect = NodePath("SelectBox")
puckRef = NodePath("puckRef")
rayCast3D = NodePath("Camera3D/Target/RayCast3D")
rifle = NodePath("Armature_002/Skeleton3D/BoneAttachment3D5/Rifle")
skiPoleBiathlon = [NodePath("Armature_002/Skeleton3D/BoneAttachment3D2/SkiPole2"), NodePath("Armature_002/Skeleton3D/BoneAttachment3D/SkiPole2")]

[node name="Armature_002" parent="." index="0"]
transform = Transform3D(0.02, 0, 0, 0, 0.02, 0, 0, 0, 0.02, 0, -0.04, 0)

[node name="Skeleton3D" parent="Armature_002" index="0"]
bones/0/position = Vector3(0.282026, -0.723663, 0.26301)
bones/0/rotation = Quaternion(0.0702291, 1.18915e-07, 8.37196e-09, 0.997531)
bones/1/rotation = Quaternion(0.154723, 0.0382123, 0.0128783, 0.987135)
bones/2/position = Vector3(1.11332, -0.905237, 0.137446)
bones/2/rotation = Quaternion(0.961513, 0.144425, 0.0801711, 0.219558)
bones/3/rotation = Quaternion(0.20275, -0.00207516, 0.0193277, 0.979038)
bones/4/position = Vector3(2.27505, -5.0178, 1.16746)
bones/5/position = Vector3(-0.428042, -0.93533, 0.145436)
bones/5/rotation = Quaternion(0.981356, -0.188495, -0.0361639, -0.0101344)
bones/6/rotation = Quaternion(0.337675, 0.0128035, -0.103557, 0.935461)
bones/7/position = Vector3(-1.50591, -4.65014, -1.43959)
bones/7/rotation = Quaternion(0.816249, -0.0132141, 0.0503639, 0.575349)
bones/8/position = Vector3(1.74817, -2.42098, -0.848899)
bones/9/position = Vector3(-1.53831, -2.48074, -1.56634)
bones/10/position = Vector3(0.252561, 3.35133, 1.55766)
bones/10/rotation = Quaternion(0.185051, 0.0365714, 0.0169869, 0.981901)
bones/11/rotation = Quaternion(-0.121607, -0.0606507, -0.0135063, 0.990632)
bones/12/position = Vector3(2.17861, 2.8263, 1.26647)
bones/12/rotation = Quaternion(-0.329245, -0.0062355, -0.938639, -0.102547)
bones/13/rotation = Quaternion(0.228195, 0.163968, -0.276099, 0.919136)
bones/14/position = Vector3(0.996677, -0.529782, 2.83254)
bones/14/rotation = Quaternion(-0.303992, -0.355624, -0.855608, -0.221485)
bones/15/position = Vector3(-1.67922, 2.8312, 1.48795)
bones/15/rotation = Quaternion(-0.0578271, 0.148748, 0.982322, -0.097843)
bones/16/rotation = Quaternion(0.00262763, -0.0358835, 0.0018115, 0.999351)
bones/17/position = Vector3(-0.913346, -1.22984, 2.81628)
bones/17/rotation = Quaternion(-0.167761, 0.288579, 0.908994, -0.249617)
bones/19/position = Vector3(-4.7803, 0.371442, -1.52369)
bones/20/position = Vector3(0.796228, -0.633748, 2.67835)
bones/20/rotation = Quaternion(0.732391, 0.0366761, 0.122801, -0.668714)
bones/21/position = Vector3(-0.977783, -1.18743, 2.72712)
bones/21/rotation = Quaternion(-0.0989008, -0.639927, 0.739725, 0.18308)
bones/22/position = Vector3(0.679787, -0.580825, 2.71842)
bones/22/rotation = Quaternion(0.889912, 0.0246995, 0.327941, 0.316072)
bones/23/position = Vector3(-4.32159, 2.54727, -0.881046)
bones/23/rotation = Quaternion(0.0349339, 0.000846065, -0.00783889, 0.999359)

[node name="Body_004" parent="Armature_002/Skeleton3D" index="0"]
surface_material_override/0 = SubResource("StandardMaterial3D_wter0")

[node name="Hair_004" parent="Armature_002/Skeleton3D" index="1"]
surface_material_override/0 = SubResource("StandardMaterial3D_wter0")

[node name="Hip_004" parent="Armature_002/Skeleton3D" index="2"]
surface_material_override/0 = SubResource("StandardMaterial3D_wter0")

[node name="LArm_028" parent="Armature_002/Skeleton3D" index="3"]
surface_material_override/0 = SubResource("StandardMaterial3D_wter0")

[node name="LArm_029" parent="Armature_002/Skeleton3D" index="4"]
surface_material_override/0 = SubResource("StandardMaterial3D_wter0")

[node name="LArm_030" parent="Armature_002/Skeleton3D" index="5"]
surface_material_override/0 = SubResource("StandardMaterial3D_wter0")

[node name="LArm_033" parent="Armature_002/Skeleton3D" index="6"]
surface_material_override/0 = SubResource("StandardMaterial3D_wter0")

[node name="LArm_034" parent="Armature_002/Skeleton3D" index="7"]
surface_material_override/0 = SubResource("StandardMaterial3D_wter0")

[node name="LArm_035" parent="Armature_002/Skeleton3D" index="8"]
surface_material_override/0 = SubResource("StandardMaterial3D_wter0")

[node name="LEye_007" parent="Armature_002/Skeleton3D" index="9"]
surface_material_override/0 = SubResource("StandardMaterial3D_hbluo")

[node name="LEye_008" parent="Armature_002/Skeleton3D" index="10"]
surface_material_override/0 = SubResource("StandardMaterial3D_hbluo")

[node name="LFoot_007" parent="Armature_002/Skeleton3D" index="11"]
surface_material_override/0 = SubResource("StandardMaterial3D_wter0")

[node name="LFoot_008" parent="Armature_002/Skeleton3D" index="12"]
surface_material_override/0 = SubResource("StandardMaterial3D_wter0")

[node name="LHand" parent="Armature_002/Skeleton3D" index="13"]
surface_material_override/0 = SubResource("StandardMaterial3D_wter0")

[node name="LLeg_035" parent="Armature_002/Skeleton3D" index="14"]
surface_material_override/0 = SubResource("StandardMaterial3D_wter0")

[node name="LLeg_036" parent="Armature_002/Skeleton3D" index="15"]
surface_material_override/0 = SubResource("StandardMaterial3D_wter0")

[node name="LLeg_037" parent="Armature_002/Skeleton3D" index="16"]
surface_material_override/0 = SubResource("StandardMaterial3D_wter0")

[node name="LLeg_038" parent="Armature_002/Skeleton3D" index="17"]
surface_material_override/0 = SubResource("StandardMaterial3D_wter0")

[node name="LLeg_039" parent="Armature_002/Skeleton3D" index="18"]
surface_material_override/0 = SubResource("StandardMaterial3D_wter0")

[node name="LLeg_040" parent="Armature_002/Skeleton3D" index="19"]
surface_material_override/0 = SubResource("StandardMaterial3D_wter0")

[node name="LLeg_041" parent="Armature_002/Skeleton3D" index="20"]
surface_material_override/0 = SubResource("StandardMaterial3D_wter0")

[node name="LLeg_042" parent="Armature_002/Skeleton3D" index="21"]
surface_material_override/0 = SubResource("StandardMaterial3D_wter0")

[node name="LLeg_043" parent="Armature_002/Skeleton3D" index="22"]
surface_material_override/0 = SubResource("StandardMaterial3D_wter0")

[node name="LLeg_044" parent="Armature_002/Skeleton3D" index="23"]
surface_material_override/0 = SubResource("StandardMaterial3D_wter0")

[node name="LSholder_007" parent="Armature_002/Skeleton3D" index="24"]
surface_material_override/0 = SubResource("StandardMaterial3D_wter0")

[node name="LSholder_008" parent="Armature_002/Skeleton3D" index="25"]
surface_material_override/0 = SubResource("StandardMaterial3D_wter0")

[node name="RHand" parent="Armature_002/Skeleton3D" index="26"]
surface_material_override/0 = SubResource("StandardMaterial3D_wter0")

[node name="Skin_002" parent="Armature_002/Skeleton3D" index="27"]
surface_material_override/0 = SubResource("StandardMaterial3D_wter0")

[node name="BoneAttachment3D6" type="BoneAttachment3D" parent="Armature_002/Skeleton3D" index="28"]
transform = Transform3D(0.96715, 0.21796, 0.130825, -0.110515, -0.102953, 0.988528, 0.228928, -0.970512, -0.0754832, 0.796228, -0.633748, 2.67835)
bone_name = "LArmSkiPoleREF"
bone_idx = 20

[node name="SkiPole" parent="Armature_002/Skeleton3D/BoneAttachment3D6" index="0" instance=ExtResource("4_hs4ql")]
transform = Transform3D(1.19768, -0.31452, -0.170739, 0.253889, 1.16704, -0.368871, 0.252221, 0.318752, 1.18207, -0.00801849, -0.148504, -0.00412369)

[node name="BoneAttachment3D7" type="BoneAttachment3D" parent="Armature_002/Skeleton3D" index="29"]
transform = Transform3D(-0.913401, -0.144279, -0.380635, 0.397437, -0.11395, -0.910527, 0.087997, -0.982954, 0.161423, -0.977783, -1.18743, 2.72712)
bone_name = "RArmSkiPoleREF"
bone_idx = 21

[node name="SkiPole" parent="Armature_002/Skeleton3D/BoneAttachment3D7" index="0" instance=ExtResource("4_hs4ql")]
transform = Transform3D(1.09548, 0.250242, 0.547533, 0.462362, -1.07782, -0.432485, 0.385529, 0.581553, -1.03715, 0.056942, 0.193757, -0.0186019)

[node name="BoneAttachment3D5" type="BoneAttachment3D" parent="Armature_002/Skeleton3D" index="30"]
transform = Transform3D(0.996748, -0.0136005, 0.0794267, 0.0468943, 0.899464, -0.434471, -0.0655325, 0.436783, 0.897177, 0.282026, 1.31995, 0.552196)
bone_name = "Spine"
bone_idx = 1

[node name="Rifle" parent="Armature_002/Skeleton3D/BoneAttachment3D5" index="0" instance=ExtResource("3_qx02e")]
transform = Transform3D(0.0284631, 0.953198, 0.300999, -0.146026, 0.301855, -0.942104, -0.988873, -0.017139, 0.147784, 0.22944, 0.425279, -1.13563)

[node name="BoneAttachment3D4" type="BoneAttachment3D" parent="Armature_002/Skeleton3D" index="31"]
transform = Transform3D(0.994578, -0.0795256, 0.0670137, 0.0363816, -0.337598, -0.94059, 0.0974244, 0.937925, -0.332875, -1.50591, -4.65014, -1.43959)
bone_name = "RFoot"
bone_idx = 7

[node name="Ski" parent="Armature_002/Skeleton3D/BoneAttachment3D4" index="0" instance=ExtResource("3_dumya")]
transform = Transform3D(1, 1.40932e-06, 2.45323e-07, -2.4286e-13, -0.171493, 0.985185, 1.43051e-06, -0.985182, -0.171492, -0.0433632, 0.128991, 0.457484)

[node name="BoneAttachment3D3" type="BoneAttachment3D" parent="Armature_002/Skeleton3D" index="32"]
transform = Transform3D(1, -2.27374e-13, 1.43052e-06, 1.40932e-06, -0.171493, -0.985189, 2.45323e-07, 0.985185, -0.171493, 2.27505, -5.0178, 1.16746)
bone_name = "LFoot"
bone_idx = 4

[node name="Ski" parent="Armature_002/Skeleton3D/BoneAttachment3D3" index="0" instance=ExtResource("3_dumya")]
transform = Transform3D(1, 1.40932e-06, 2.45323e-07, -2.4286e-13, -0.171493, 0.985185, 1.43051e-06, -0.985182, -0.171492, -0.0433632, 0.128991, 0.457484)

[node name="BoneAttachment3D2" type="BoneAttachment3D" parent="Armature_002/Skeleton3D" index="33"]
transform = Transform3D(0.96715, 0.21796, 0.130825, -0.110515, -0.102953, 0.988528, 0.228928, -0.970512, -0.0754832, 0.796228, -0.633748, 2.67835)
bone_name = "LArmSkiPoleREF"
bone_idx = 20

[node name="SkiPole2" parent="Armature_002/Skeleton3D/BoneAttachment3D2" index="0" instance=ExtResource("4_hs4ql")]
transform = Transform3D(1.22197, -0.213849, 0.153498, 0.185196, 0.180408, -1.22297, 0.187071, 1.21829, 0.208045, -0.00801873, -0.148504, -0.00412369)

[node name="BoneAttachment3D" type="BoneAttachment3D" parent="Armature_002/Skeleton3D" index="34"]
transform = Transform3D(-0.913401, -0.144279, -0.380635, 0.397437, -0.11395, -0.910527, 0.087997, -0.982954, 0.161423, -0.977783, -1.18743, 2.72712)
bone_name = "RArmSkiPoleREF"
bone_idx = 21

[node name="SkiPole2" parent="Armature_002/Skeleton3D/BoneAttachment3D" index="0" instance=ExtResource("4_hs4ql")]
transform = Transform3D(1.2064, -0.168214, 0.280711, 0.262805, -0.140942, -1.21391, 0.195008, 1.23059, -0.10066, 0.0569417, 0.193758, -0.0186019)

[node name="BoneAttachment3D8" type="BoneAttachment3D" parent="Armature_002/Skeleton3D" index="35"]
transform = Transform3D(0.783689, -0.163345, 0.599291, 0.251267, -0.798977, -0.546352, 0.568063, 0.578752, -0.585106, 0.679787, -0.580825, 2.71842)
bone_name = "StickREF"
bone_idx = 22

[node name="Stick" parent="Armature_002/Skeleton3D/BoneAttachment3D8" index="0" instance=ExtResource("6_684bu")]
transform = Transform3D(-0.743208, 0.13579, 0.655134, -0.264828, -0.95892, -0.101676, 0.614416, -0.249065, 0.748638, 0.480024, -1.70118, -0.925542)

[node name="BoneAttachment3D9" type="BoneAttachment3D" parent="Armature_002/Skeleton3D" index="36"]
transform = Transform3D(0.999876, 0.0157268, 0.00114336, -0.0156086, 0.997436, -0.0698362, -0.00223873, 0.0698097, 0.997558, -4.32159, 2.54727, -0.881046)
bone_name = "StickREFGK"
bone_idx = 23

[node name="Stick" parent="Armature_002/Skeleton3D/BoneAttachment3D9" index="0" instance=ExtResource("6_684bu")]
transform = Transform3D(0.999999, 1.95578e-08, 6.51926e-09, 9.77889e-09, -0.990369, 0.138447, 6.51926e-09, -0.138448, -0.990369, -0.123122, -1.95075, -0.272703)

[node name="BoneAttachment3D10" type="BoneAttachment3D" parent="Armature_002/Skeleton3D" index="37"]
transform = Transform3D(-0.788189, -0.380191, 0.483956, 0.603503, -0.631557, 0.486743, 0.12059, 0.675714, 0.727233, 1.7846, 0.779149, 1.43217)
bone_name = "LArm.001"
bone_idx = 13

[node name="GKPadHand" parent="Armature_002/Skeleton3D/BoneAttachment3D10" index="0" instance=ExtResource("7_082o6")]
transform = Transform3D(-0.987584, 0.101996, -0.119487, -0.0789148, -0.979741, -0.184072, -0.135841, -0.172357, 0.975623, 0.0305576, 2.01614, 1.2069)

[node name="BoneAttachment3D11" type="BoneAttachment3D" parent="Armature_002/Skeleton3D" index="38"]
transform = Transform3D(0.956277, 0.272199, 0.106964, 0.27606, -0.960869, -0.022834, 0.0965634, 0.0513642, -0.994001, 1.60541, -2.65398, 1.04111)
bone_name = "LLeg1"
bone_idx = 3

[node name="GKPadFoot" parent="Armature_002/Skeleton3D/BoneAttachment3D11" index="0" instance=ExtResource("8_ewul6")]
transform = Transform3D(0.979669, 0.0572874, 0.192269, 0.0736583, -0.994141, -0.0791045, 0.186611, 0.0916579, -0.978149, 0.197275, 0.948272, -0.870787)

[node name="BoneAttachment3D12" type="BoneAttachment3D" parent="Armature_002/Skeleton3D" index="39"]
transform = Transform3D(0.981073, -0.132975, 0.140758, -0.192427, -0.750657, 0.63205, 0.021614, -0.647173, -0.762037, -1.18286, -2.82646, 0.132694)
bone_name = "RLeg.001"
bone_idx = 6

[node name="GKPadFoot" parent="Armature_002/Skeleton3D/BoneAttachment3D12" index="0" instance=ExtResource("8_ewul6")]
transform = Transform3D(0.959103, 0.0572873, -0.277199, 0.0293111, -0.994141, -0.104038, -0.281535, 0.0916579, -0.955163, 0.0213459, 0.935044, -0.904299)

[node name="Camera3D" type="Camera3D" parent="." index="2"]
transform = Transform3D(-1, 0, 1.50996e-07, 0, 1, 0, -1.50996e-07, 0, -1, -2.06225e-07, 0.0740601, 0.287838)

[node name="Target" parent="Camera3D" index="0" instance=ExtResource("9_m4ora")]
transform = Transform3D(-0.1, -1.50996e-08, -6.60024e-16, 0, -4.37114e-09, 0.1, -1.50996e-08, 0.1, 4.37114e-09, -6.58559e-09, -5.99995e-05, -1.32215)

[node name="RayCast3D" type="RayCast3D" parent="Camera3D/Target" index="1"]
target_position = Vector3(0, -50, 0)

[node name="CollisionShape3D" type="CollisionShape3D" parent="." index="3"]
transform = Transform3D(0.1, 0, 0, 0, 0.1, 0, 0, 0, 0.1, 0, -0.0502603, 0)
shape = SubResource("CylinderShape3D_50ng8")

[node name="Area3D" type="Area3D" parent="CollisionShape3D" index="0"]
script = ExtResource("5_c3bqr")

[node name="CollisionShape3D" type="CollisionShape3D" parent="CollisionShape3D/Area3D" index="0"]
shape = SubResource("CylinderShape3D_nnynp")

[node name="CameraRef1" type="MeshInstance3D" parent="." index="4"]
transform = Transform3D(-0.05, -7.05298e-10, 7.34617e-09, 1.00832e-09, 0.0486515, 0.0115339, -7.31074e-09, 0.0115339, -0.0486515, 0, 0.132272, -0.419788)
visible = false
mesh = SubResource("BoxMesh_k83uh")

[node name="CameraRef2" type="MeshInstance3D" parent="." index="5"]
transform = Transform3D(-0.05, 2.76859e-09, -3.38256e-09, 0, 0.038692, 0.031669, 4.37114e-09, 0.031669, -0.038692, 0, 0.589131, -0.399083)
visible = false
mesh = SubResource("BoxMesh_k83uh")

[node name="CameraRef3" type="MeshInstance3D" parent="." index="6"]
transform = Transform3D(-0.0025, 0, -2.18557e-10, 0, 0.0025, 0, 2.18557e-10, 0, -0.0025, -2.06225e-07, 0.0740601, 0.287838)
visible = false
mesh = SubResource("BoxMesh_k83uh")
skeleton = NodePath("../CameraRef1")

[node name="CameraRef4" type="MeshInstance3D" parent="." index="7"]
transform = Transform3D(-0.05, 7.31376e-10, -4.30952e-09, 0, 0.0492951, 0.00836597, 4.37114e-09, 0.00836597, -0.0492951, -5.58863e-09, 0.142859, -0.78407)
visible = false
mesh = SubResource("BoxMesh_k83uh")

[node name="MeshInstance3D" type="MeshInstance3D" parent="." index="8"]
transform = Transform3D(0.4, 0, 0, 0, 0.4, 0, 0, 0, 0.4, 0, -0.0554028, 0.71321)
visible = false
mesh = SubResource("CylinderMesh_r4wmt")

[node name="Area3D" type="Area3D" parent="MeshInstance3D" index="0"]
script = ExtResource("5_mmw4u")

[node name="CollisionShape3D" type="CollisionShape3D" parent="MeshInstance3D/Area3D" index="0"]
shape = SubResource("CylinderShape3D_504mm")

[node name="SpeedBox" parent="." index="9" instance=ExtResource("6_nx70h")]
transform = Transform3D(0.2, 0, 0, 0, 0.2, 0, 0, 0, 0.2, 0, -0.135981, 0.71321)

[node name="SelectBox" parent="." index="10" instance=ExtResource("6_nx70h")]
transform = Transform3D(0.1, 0, 0, 0, 0.1, 0, 0, 0, 0.1, 0, -0.146111, 0.0235905)

[node name="SkiCollision" type="MeshInstance3D" parent="." index="11"]
transform = Transform3D(0.15, 0, 0, 0, 0.15, 0, 0, 0, 0.15, 0, -0.0553554, -0.000210673)
visible = false
mesh = SubResource("CylinderMesh_554qy")

[node name="Area3D" type="Area3D" parent="SkiCollision" index="0"]
script = ExtResource("10_d4d4k")

[node name="CollisionShape3D" type="CollisionShape3D" parent="SkiCollision/Area3D" index="0"]
shape = SubResource("CylinderShape3D_guigk")

[node name="CrossCountryCollisionF" type="MeshInstance3D" parent="." index="12"]
transform = Transform3D(0.15, 0, 0, 0, 0.15, 0, 0, 0, 0.15, 0, -0.0748925, 0.29143)
visible = false
mesh = SubResource("BoxMesh_foyeu")

[node name="Area3D" type="Area3D" parent="CrossCountryCollisionF" index="0"]
script = ExtResource("11_w80qr")

[node name="CollisionShape3D" type="CollisionShape3D" parent="CrossCountryCollisionF/Area3D" index="0"]
shape = SubResource("BoxShape3D_d2lxn")

[node name="CrossCountryCollisionML" type="MeshInstance3D" parent="." index="13"]
transform = Transform3D(0.3, 0, 0, 0, 0.15, 0, 0, 0, 0.15, 0.25, -0.075, 0.001)
visible = false
mesh = SubResource("BoxMesh_foyeu")

[node name="Area3D" type="Area3D" parent="CrossCountryCollisionML" index="0"]
script = ExtResource("11_w80qr")
colliderTypes = 4

[node name="CollisionShape3D" type="CollisionShape3D" parent="CrossCountryCollisionML/Area3D" index="0"]
shape = SubResource("BoxShape3D_d2lxn")

[node name="CrossCountryCollisionMR" type="MeshInstance3D" parent="." index="14"]
transform = Transform3D(0.3, 0, 0, 0, 0.15, 0, 0, 0, 0.15, -0.25, -0.075, 0.001)
visible = false
mesh = SubResource("BoxMesh_foyeu")

[node name="Area3D" type="Area3D" parent="CrossCountryCollisionMR" index="0"]
script = ExtResource("11_w80qr")

[node name="CollisionShape3D" type="CollisionShape3D" parent="CrossCountryCollisionMR/Area3D" index="0"]
shape = SubResource("BoxShape3D_d2lxn")

[node name="puckRef" type="Node3D" parent="." index="15"]
transform = Transform3D(1, 0, 0, 0, 1, 0, 0, 0, 1, 0, -0.136105, 0.115)

[node name="MeshInstance3DIceHockey" type="MeshInstance3D" parent="." index="16"]
transform = Transform3D(0.25, 0, 0, 0, 0.25, 0, 0, 0, 0.25, 0, 0.0361696, 0.0202809)
visible = false
mesh = SubResource("CylinderMesh_gebid")

[node name="Area3D" type="Area3D" parent="MeshInstance3DIceHockey" index="0"]
script = ExtResource("15_ibjdi")

[node name="CollisionShape3D" type="CollisionShape3D" parent="MeshInstance3DIceHockey/Area3D" index="0"]
shape = SubResource("CylinderShape3D_vwqi7")
