[gd_scene load_steps=17 format=3 uid="uid://c7unrelaoyecc"]

[ext_resource type="PackedScene" uid="uid://bawsmwduw46t3" path="res://Art/3d/Character.gltf" id="1_7hd1l"]
[ext_resource type="Script" path="res://Scripts/Prefabs/Character.cs" id="2_51ifc"]
[ext_resource type="PackedScene" uid="uid://bcfwttoknloqc" path="res://Prefab/ski.tscn" id="3_dumya"]
[ext_resource type="PackedScene" uid="uid://dyfd7slcdw18v" path="res://Prefab/rifle.tscn" id="3_qx02e"]
[ext_resource type="PackedScene" uid="uid://jjt4bb3yxqed" path="res://Prefab/ski_pole.tscn" id="4_hs4ql"]
[ext_resource type="Script" path="res://Scripts/Prefabs/CharacterCollision.cs" id="5_c3bqr"]
[ext_resource type="Script" path="res://Scripts/Prefabs/SpeedContact.cs" id="5_mmw4u"]
[ext_resource type="PackedScene" uid="uid://cfbcl1augt02l" path="res://Prefab/speed_box.tscn" id="6_nx70h"]
[ext_resource type="PackedScene" uid="uid://bnir71w3nswcj" path="res://Prefab/target.tscn" id="9_m4ora"]

[sub_resource type="StandardMaterial3D" id="StandardMaterial3D_wter0"]
shading_mode = 0
albedo_color = Color(1, 0.376471, 1, 1)

[sub_resource type="StandardMaterial3D" id="StandardMaterial3D_hbluo"]
shading_mode = 0
albedo_color = Color(0.188235, 0.105882, 0.0666667, 1)

[sub_resource type="CylinderShape3D" id="CylinderShape3D_50ng8"]

[sub_resource type="CylinderShape3D" id="CylinderShape3D_nnynp"]

[sub_resource type="BoxMesh" id="BoxMesh_k83uh"]

[sub_resource type="CylinderMesh" id="CylinderMesh_r4wmt"]

[sub_resource type="CylinderShape3D" id="CylinderShape3D_504mm"]

[node name="Character" node_paths=PackedStringArray("animationPlayer", "bodyMeshInstance3D", "armsMeshInstance3D", "handsAndHeadMeshInstance3D", "legsMeshInstance3D", "bootsMeshInstance3D", "hairMeshInstance3D", "cameraRef", "camera3D", "skiPole", "ski", "speedBox", "target", "rifle", "skiPoleBiathlon") instance=ExtResource("1_7hd1l")]
script = ExtResource("2_51ifc")
animationPlayer = NodePath("AnimationPlayer")
bodyMeshInstance3D = [NodePath("Armature_002/Skeleton3D/Body_004")]
armsMeshInstance3D = [NodePath("Armature_002/Skeleton3D/LArm_028"), NodePath("Armature_002/Skeleton3D/LArm_029"), NodePath("Armature_002/Skeleton3D/LArm_030"), NodePath("Armature_002/Skeleton3D/LArm_033"), NodePath("Armature_002/Skeleton3D/LArm_034"), NodePath("Armature_002/Skeleton3D/LArm_035"), NodePath("Armature_002/Skeleton3D/LSholder_007"), NodePath("Armature_002/Skeleton3D/LSholder_008")]
handsAndHeadMeshInstance3D = [NodePath("Armature_002/Skeleton3D/RHand"), NodePath("Armature_002/Skeleton3D/LHand"), NodePath("Armature_002/Skeleton3D/Skin_002")]
legsMeshInstance3D = [NodePath("Armature_002/Skeleton3D/LLeg_035"), NodePath("Armature_002/Skeleton3D/LLeg_036"), NodePath("Armature_002/Skeleton3D/LLeg_037"), NodePath("Armature_002/Skeleton3D/LLeg_038"), NodePath("Armature_002/Skeleton3D/LLeg_039"), NodePath("Armature_002/Skeleton3D/LLeg_040"), NodePath("Armature_002/Skeleton3D/LLeg_041"), NodePath("Armature_002/Skeleton3D/LLeg_042"), NodePath("Armature_002/Skeleton3D/LLeg_043"), NodePath("Armature_002/Skeleton3D/LLeg_044"), NodePath("Armature_002/Skeleton3D/Hip_004")]
bootsMeshInstance3D = [NodePath("Armature_002/Skeleton3D/LFoot_007"), NodePath("Armature_002/Skeleton3D/LFoot_008")]
hairMeshInstance3D = [NodePath("Armature_002/Skeleton3D/Hair_004")]
cameraRef = [NodePath("CameraRef1"), NodePath("CameraRef2"), NodePath("CameraRef3")]
camera3D = NodePath("Camera3D")
skiPole = [NodePath("Armature_002/Skeleton3D/BoneAttachment3D2/SkiPole"), NodePath("Armature_002/Skeleton3D/BoneAttachment3D/SkiPole")]
ski = [NodePath("Armature_002/Skeleton3D/BoneAttachment3D4/Ski"), NodePath("Armature_002/Skeleton3D/BoneAttachment3D3/Ski")]
speedBox = NodePath("SpeedBox")
target = NodePath("Target")
rifle = NodePath("Armature_002/Skeleton3D/BoneAttachment3D5/Rifle")
skiPoleBiathlon = [NodePath("Armature_002/Skeleton3D/BoneAttachment3D6/SkiPole"), NodePath("Armature_002/Skeleton3D/BoneAttachment3D7/SkiPole")]

[node name="Armature_002" parent="." index="0"]
transform = Transform3D(0.02, 0, 0, 0, 0.02, 0, 0, 0, 0.02, 0, -0.04, 0)

[node name="Skeleton3D" parent="Armature_002" index="0"]
bones/0/position = Vector3(0.282026, -0.84777, -0.231499)
bones/1/rotation = Quaternion(0.107028, 0.0387879, 0.011024, 0.993438)
bones/2/position = Vector3(1.11332, -1.05859, -0.297005)
bones/2/rotation = Quaternion(0.938606, -0.0127138, -0.0115984, 0.344561)
bones/3/rotation = Quaternion(0.567745, -0.000707369, 0.0145574, 0.823076)
bones/4/position = Vector3(0.936172, -4.755, -0.170813)
bones/5/position = Vector3(-0.428042, -1.08491, -0.280379)
bones/5/rotation = Quaternion(0.98655, -0.043212, 0.0107631, -0.157276)
bones/6/rotation = Quaternion(0.248299, 0.00304178, -0.01598, 0.968547)
bones/7/position = Vector3(-0.649798, -4.67379, -2.68636)
bones/8/position = Vector3(1.06015, -2.61085, -0.97124)
bones/9/position = Vector3(-0.645973, -2.661, -1.48529)
bones/10/position = Vector3(0.252561, 3.45136, -0.431912)
bones/10/rotation = Quaternion(-0.0137426, 0.0392174, 0.00938145, 0.999092)
bones/11/rotation = Quaternion(0.00920191, -0.0621795, -0.0114931, 0.997956)
bones/12/position = Vector3(2.17861, 2.85438, -0.495626)
bones/12/rotation = Quaternion(-0.0605526, -0.282058, -0.95737, -0.0148372)
bones/13/rotation = Quaternion(0.319043, 0.00253771, -0.0496425, 0.946436)
bones/14/position = Vector3(2.15903, 0.403982, 2.59042)
bones/14/rotation = Quaternion(-0.303992, -0.355624, -0.855608, -0.221485)
bones/15/position = Vector3(-1.67922, 2.94515, -0.293542)
bones/15/rotation = Quaternion(0.0472444, 0.191166, 0.977989, 0.0689977)
bones/16/rotation = Quaternion(0.424583, -0.00728755, 0.119941, 0.89738)
bones/17/position = Vector3(-1.47363, 0.3005, 2.34542)
bones/17/rotation = Quaternion(-0.167761, 0.288579, 0.908994, -0.249617)
bones/18/position = Vector3(2.70334, -6.27487, 0.457974)
bones/19/position = Vector3(-5.20833, -6.40415, 0.541104)
bones/20/position = Vector3(1.95858, 0.300016, 2.43623)
bones/20/rotation = Quaternion(0.732391, 0.0366761, 0.122801, -0.668714)
bones/21/position = Vector3(-1.53806, 0.342906, 2.25626)
bones/21/rotation = Quaternion(-0.0989008, -0.639927, 0.739725, 0.18308)

[node name="Body_004" parent="Armature_002/Skeleton3D" index="0"]
surface_material_override/0 = SubResource("StandardMaterial3D_wter0")

[node name="Hair_004" parent="Armature_002/Skeleton3D" index="1"]
surface_material_override/0 = SubResource("StandardMaterial3D_wter0")

[node name="Hip_004" parent="Armature_002/Skeleton3D" index="2"]
surface_material_override/0 = SubResource("StandardMaterial3D_wter0")

[node name="LArm_028" parent="Armature_002/Skeleton3D" index="3"]
surface_material_override/0 = SubResource("StandardMaterial3D_wter0")

[node name="LArm_029" parent="Armature_002/Skeleton3D" index="4"]
surface_material_override/0 = SubResource("StandardMaterial3D_wter0")

[node name="LArm_030" parent="Armature_002/Skeleton3D" index="5"]
surface_material_override/0 = SubResource("StandardMaterial3D_wter0")

[node name="LArm_033" parent="Armature_002/Skeleton3D" index="6"]
surface_material_override/0 = SubResource("StandardMaterial3D_wter0")

[node name="LArm_034" parent="Armature_002/Skeleton3D" index="7"]
surface_material_override/0 = SubResource("StandardMaterial3D_wter0")

[node name="LArm_035" parent="Armature_002/Skeleton3D" index="8"]
surface_material_override/0 = SubResource("StandardMaterial3D_wter0")

[node name="LEye_007" parent="Armature_002/Skeleton3D" index="9"]
surface_material_override/0 = SubResource("StandardMaterial3D_hbluo")

[node name="LEye_008" parent="Armature_002/Skeleton3D" index="10"]
surface_material_override/0 = SubResource("StandardMaterial3D_hbluo")

[node name="LFoot_007" parent="Armature_002/Skeleton3D" index="11"]
surface_material_override/0 = SubResource("StandardMaterial3D_wter0")

[node name="LFoot_008" parent="Armature_002/Skeleton3D" index="12"]
surface_material_override/0 = SubResource("StandardMaterial3D_wter0")

[node name="LHand" parent="Armature_002/Skeleton3D" index="13"]
surface_material_override/0 = SubResource("StandardMaterial3D_wter0")

[node name="LLeg_035" parent="Armature_002/Skeleton3D" index="14"]
surface_material_override/0 = SubResource("StandardMaterial3D_wter0")

[node name="LLeg_036" parent="Armature_002/Skeleton3D" index="15"]
surface_material_override/0 = SubResource("StandardMaterial3D_wter0")

[node name="LLeg_037" parent="Armature_002/Skeleton3D" index="16"]
surface_material_override/0 = SubResource("StandardMaterial3D_wter0")

[node name="LLeg_038" parent="Armature_002/Skeleton3D" index="17"]
surface_material_override/0 = SubResource("StandardMaterial3D_wter0")

[node name="LLeg_039" parent="Armature_002/Skeleton3D" index="18"]
surface_material_override/0 = SubResource("StandardMaterial3D_wter0")

[node name="LLeg_040" parent="Armature_002/Skeleton3D" index="19"]
surface_material_override/0 = SubResource("StandardMaterial3D_wter0")

[node name="LLeg_041" parent="Armature_002/Skeleton3D" index="20"]
surface_material_override/0 = SubResource("StandardMaterial3D_wter0")

[node name="LLeg_042" parent="Armature_002/Skeleton3D" index="21"]
surface_material_override/0 = SubResource("StandardMaterial3D_wter0")

[node name="LLeg_043" parent="Armature_002/Skeleton3D" index="22"]
surface_material_override/0 = SubResource("StandardMaterial3D_wter0")

[node name="LLeg_044" parent="Armature_002/Skeleton3D" index="23"]
surface_material_override/0 = SubResource("StandardMaterial3D_wter0")

[node name="LSholder_007" parent="Armature_002/Skeleton3D" index="24"]
surface_material_override/0 = SubResource("StandardMaterial3D_wter0")

[node name="LSholder_008" parent="Armature_002/Skeleton3D" index="25"]
surface_material_override/0 = SubResource("StandardMaterial3D_wter0")

[node name="RHand" parent="Armature_002/Skeleton3D" index="26"]
surface_material_override/0 = SubResource("StandardMaterial3D_wter0")

[node name="Skin_002" parent="Armature_002/Skeleton3D" index="27"]
surface_material_override/0 = SubResource("StandardMaterial3D_wter0")

[node name="BoneAttachment3D6" type="BoneAttachment3D" parent="Armature_002/Skeleton3D" index="28"]
transform = Transform3D(0.96715, 0.21796, 0.130825, -0.110515, -0.102953, 0.988528, 0.228928, -0.970512, -0.0754827, 1.95858, 0.300016, 2.43623)
bone_name = "LArmSkiPoleREF"
bone_idx = 20

[node name="SkiPole" parent="Armature_002/Skeleton3D/BoneAttachment3D6" index="0" instance=ExtResource("4_hs4ql")]
transform = Transform3D(1.19768, -0.31452, -0.170739, 0.253889, 1.16704, -0.368871, 0.252221, 0.318752, 1.18207, -0.00801849, -0.148504, -0.00412369)

[node name="BoneAttachment3D7" type="BoneAttachment3D" parent="Armature_002/Skeleton3D" index="29"]
transform = Transform3D(-0.9134, -0.14428, -0.380635, 0.397437, -0.11395, -0.910527, 0.0879972, -0.982954, 0.161424, -1.53806, 0.342906, 2.25626)
bone_name = "RArmSkiPoleREF"
bone_idx = 21

[node name="SkiPole" parent="Armature_002/Skeleton3D/BoneAttachment3D7" index="0" instance=ExtResource("4_hs4ql")]
transform = Transform3D(1.09548, 0.250242, 0.547533, 0.462362, -1.07782, -0.432485, 0.385529, 0.581553, -1.03715, 0.056942, 0.193757, -0.0186019)

[node name="BoneAttachment3D5" type="BoneAttachment3D" parent="Armature_002/Skeleton3D" index="30"]
transform = Transform3D(0.996748, -0.0136005, 0.0794267, 0.017668, 0.998556, -0.0507347, -0.078622, 0.051973, 0.995549, 0.282026, 1.18879, -0.566809)
bone_name = "Spine"
bone_idx = 1

[node name="Rifle" parent="Armature_002/Skeleton3D/BoneAttachment3D5" index="0" instance=ExtResource("3_qx02e")]
transform = Transform3D(0.0284631, 0.953198, 0.300999, -0.146026, 0.301855, -0.942104, -0.988873, -0.017139, 0.147784, 0.22944, 0.425279, -1.13563)

[node name="BoneAttachment3D4" type="BoneAttachment3D" parent="Armature_002/Skeleton3D" index="31"]
transform = Transform3D(1, -5.68434e-14, 4.7684e-07, 4.67439e-07, -0.197569, -0.980291, 9.42087e-08, 0.980289, -0.19757, -0.649798, -4.67379, -2.68636)
bone_name = "RFoot"
bone_idx = 7

[node name="Ski" parent="Armature_002/Skeleton3D/BoneAttachment3D4" index="0" instance=ExtResource("3_dumya")]
transform = Transform3D(1, 1.40932e-06, 2.45323e-07, -2.4286e-13, -0.171493, 0.985185, 1.43051e-06, -0.985182, -0.171492, -0.0433632, 0.128991, 0.457484)

[node name="BoneAttachment3D3" type="BoneAttachment3D" parent="Armature_002/Skeleton3D" index="32"]
transform = Transform3D(1, -3.41061e-13, 1.43052e-06, 1.40932e-06, -0.171493, -0.985189, 2.45323e-07, 0.985186, -0.171493, 0.936172, -4.755, -0.170813)
bone_name = "LFoot"
bone_idx = 4

[node name="Ski" parent="Armature_002/Skeleton3D/BoneAttachment3D3" index="0" instance=ExtResource("3_dumya")]
transform = Transform3D(1, 1.40932e-06, 2.45323e-07, -2.4286e-13, -0.171493, 0.985185, 1.43051e-06, -0.985182, -0.171492, -0.0433632, 0.128991, 0.457484)

[node name="BoneAttachment3D2" type="BoneAttachment3D" parent="Armature_002/Skeleton3D" index="33"]
transform = Transform3D(0.96715, 0.21796, 0.130825, -0.110515, -0.102953, 0.988528, 0.228928, -0.970512, -0.0754827, 1.95858, 0.300016, 2.43623)
bone_name = "LArmSkiPoleREF"
bone_idx = 20

[node name="SkiPole" parent="Armature_002/Skeleton3D/BoneAttachment3D2" index="0" instance=ExtResource("4_hs4ql")]
transform = Transform3D(1.22197, -0.213849, 0.153498, 0.185196, 0.180408, -1.22297, 0.187071, 1.21829, 0.208045, -0.00801873, -0.148504, -0.00412369)

[node name="BoneAttachment3D" type="BoneAttachment3D" parent="Armature_002/Skeleton3D" index="34"]
transform = Transform3D(-0.9134, -0.14428, -0.380635, 0.397437, -0.11395, -0.910527, 0.0879972, -0.982954, 0.161424, -1.53806, 0.342906, 2.25626)
bone_name = "RArmSkiPoleREF"
bone_idx = 21

[node name="SkiPole" parent="Armature_002/Skeleton3D/BoneAttachment3D" index="0" instance=ExtResource("4_hs4ql")]
transform = Transform3D(1.2064, -0.168214, 0.280711, 0.262805, -0.140942, -1.21391, 0.195008, 1.23059, -0.10066, 0.0569417, 0.193758, -0.0186019)

[node name="Camera3D" type="Camera3D" parent="." index="2"]
transform = Transform3D(-1, -1.39958e-14, 8.74228e-08, 2.01665e-08, 0.97303, 0.230678, -8.5065e-08, 0.230678, -0.97303, 0, 0.132272, -0.419788)

[node name="CollisionShape3D" type="CollisionShape3D" parent="." index="3"]
transform = Transform3D(0.1, 0, 0, 0, 0.1, 0, 0, 0, 0.1, 0, -0.0502603, 0)
shape = SubResource("CylinderShape3D_50ng8")

[node name="Area3D" type="Area3D" parent="CollisionShape3D" index="0"]
visible = false
script = ExtResource("5_c3bqr")

[node name="CollisionShape3D" type="CollisionShape3D" parent="CollisionShape3D/Area3D" index="0"]
visible = false
shape = SubResource("CylinderShape3D_nnynp")

[node name="CameraRef1" type="MeshInstance3D" parent="." index="4"]
transform = Transform3D(-0.05, -7.05298e-10, 7.34617e-09, 1.00832e-09, 0.0486515, 0.0115339, -7.31074e-09, 0.0115339, -0.0486515, 0, 0.132272, -0.419788)
visible = false
mesh = SubResource("BoxMesh_k83uh")

[node name="CameraRef2" type="MeshInstance3D" parent="." index="5"]
transform = Transform3D(-0.05, 2.76859e-09, -3.38256e-09, 0, 0.038692, 0.031669, 4.37114e-09, 0.031669, -0.038692, 0, 0.589131, -0.399083)
visible = false
mesh = SubResource("BoxMesh_k83uh")

[node name="CameraRef3" type="MeshInstance3D" parent="." index="6"]
transform = Transform3D(-0.0025, 0, -2.18557e-10, 0, 0.0025, 0, 2.18557e-10, 0, -0.0025, -2.06225e-07, 0.0740601, 0.287838)
visible = false
mesh = SubResource("BoxMesh_k83uh")
skeleton = NodePath("../CameraRef1")

[node name="MeshInstance3D" type="MeshInstance3D" parent="." index="7"]
transform = Transform3D(0.4, 0, 0, 0, 0.4, 0, 0, 0, 0.4, 0, -0.0554028, 0.71321)
visible = false
mesh = SubResource("CylinderMesh_r4wmt")

[node name="Area3D" type="Area3D" parent="MeshInstance3D" index="0"]
script = ExtResource("5_mmw4u")

[node name="CollisionShape3D" type="CollisionShape3D" parent="MeshInstance3D/Area3D" index="0"]
shape = SubResource("CylinderShape3D_504mm")

[node name="SpeedBox" parent="." index="8" instance=ExtResource("6_nx70h")]
transform = Transform3D(0.2, 0, 0, 0, 0.2, 0, 0, 0, 0.2, 0, -0.135981, 0.71321)

[node name="Target" parent="." index="9" instance=ExtResource("9_m4ora")]
transform = Transform3D(0.1, 0, 0, 0, -4.37114e-09, 0.1, 0, -0.1, -4.37114e-09, 0, 0.0740001, 1.60999)
